COMPOSITE:
334 169 478 962 705 961 995 391 902 292 
1194 718 447 771 869 1640 667 2307 35 703 
322 141 814 253 1067 662 699 723 529 1252 
316 190 288 478 40 264 304 446 890 370 
6 393 629 84 713 756 966 931 1897 944 
626 1570 537 2107 118 833 639 704 21 924 
945 270 777 986 161 355 655 1010 1041 350 
1391 2332 966 3298 753 945 209 221 422 506 
1149 413 900 762 410 624 548 595 602 291 
374 665 596 348 668 1016 334 418 900 728 
855 648 1503 807 310 813 309 935 600 519 
798 224 1022 844 989 195 1184 93 314 448 
458 580 798 589 9 598 472 538 1010 38 
190 958 815 1773 156 202 272 328 362 875 
869 844 322 21 892 75 600 603 861 255 
656 658 182 840 88 928 832 169 721 976 
368 425 793 434 1227 441 145 718 279 418 
687 1105 549 1654 866 2520 297 490 286 776 
488 1264 455 114 316 885 786 1099 185 1284 
912 832 321 634 646 1280 481 1761 196 129 
325 535 44 292 253 154 745 186 474 168 
958 202 1160 477 314 334 372 833 1320 518 
763 1536 192 102 213 315 802 527 543 1070 
505 725 492 222 64 286 187 413 270 235 
711 896 285 140 695 714 576 1290 658 1948 
371 678 851 18 119 800 60 10 170 576 
164 882 1046 565 1611 625 1202 629 423 902 
1325 123 737 860 195 264 459 202 30 411 
153 564 790 188 978 940 1918 662 900 1562 
958 2520 365 477 58 535 303 838 357 477 
590 801 460 993 405 111 835 946 72 1018 
1841 556 626 526 1152 869 896 717 585 423 
559 788 296 584 637 654 532 1518 675 754 
741 459 221 626 205 831 850 1681 279 637 
556 176 1369 962 413 855 142 611 753 424 
752 296 1048 40 1088 875 818 1710 112 169 
40 209 685 894 497 990 651 1004 44 335 
192 264 456 959 775 1734 292 549 561 1110 
129 596 813 215 816 213 1029 824 392 670 
1062 27 1089 75 498 573 287 604 221 825 
706 10 716 489 164 591 818 750 975 303 
1278 98 584 682 913 545 546 1315 519 289 
865 
