INT true
add -50 true
add -49 true
add -48 true
add -47 true
add -46 true
add -45 true
print:
  1: -47
  2: -49 -46
  3: -50 -48 _ -45
add -44 true
add -43 true
add -42 true
add -41 true
add -40 true
print:
  1: -47
  2: -49 -43
  3: -50 -48 -45 -41
  4: -46 -44 -42 -40
add -39 true
add -38 true
add -37 true
add -36 true
add -35 true
print:
  1: -43
  2: -47 -39
  3: -49 -45 -41 -37
  4: -50 -48 -46 -44 -42 -40 -38 -36
  5: _ -35
add -34 true
add -33 true
add -32 true
add -31 true
add -30 true
print:
  1: -43
  2: -47 -35
  3: -49 -45 -39 -33
  4: -50 -48 -46 -44 -41 -37 -34 -31
  5: -42 -40 -38 -36 -32 -30
add -29 true
add -28 true
add -27 true
add -26 true
add -25 true
print:
  1: -35
  2: -43 -31
  3: -47 -39 -33 -27
  4: -49 -45 -41 -37 -34 -32 -29 -26
  5: -50 -48 -46 -44 -42 -40 -38 -36 -30 -28 _ -25
add -24 true
add -23 true
add -22 true
add -21 true
add -20 true
print:
  1: -35
  2: -43 -27
  3: -47 -39 -31 -23
  4: -49 -45 -41 -37 -33 -29 -25 -21
  5: -50 -48 -46 -44 -42 -40 -38 -36 -34 -32 -30 -28 -26 -24 -22 -20
add -19 true
add -18 true
add -17 true
add -16 true
add -15 true
print:
  1: -35
  2: -43 -27
  3: -47 -39 -31 -19
  4: -49 -45 -41 -37 -33 -29 -23 -17
  5: -50 -48 -46 -44 -42 -40 -38 -36 -34 -32 -30 -28 -25 -21 -18 -16
  6: -26 -24 -22 -20 _ -15
add -14 true
add -13 true
add -12 true
add -11 true
add -10 true
print:
  1: -35
  2: -43 -19
  3: -47 -39 -27 -15
  4: -49 -45 -41 -37 -31 -23 -17 -13
  5: -50 -48 -46 -44 -42 -40 -38 -36 -33 -29 -25 -21 -18 -16 -14 -11
  6: -34 -32 -30 -28 -26 -24 -22 -20 -12 -10
add -9 true
add -8 true
add -7 true
add -6 true
add -5 true
print:
  1: -35
  2: -43 -19
  3: -47 -39 -27 -11
  4: -49 -45 -41 -37 -31 -23 -15 -7
  5: -50 -48 -46 -44 -42 -40 -38 -36 -33 -29 -25 -21 -17 -13 -9 -6
  6: -34 -32 -30 -28 -26 -24 -22 -20 -18 -16 -14 -12 -10 -8 _ -5
add -4 true
add -3 true
add -2 true
add -1 true
add -0 true
print:
  1: -19
  2: -35 -11
  3: -43 -27 -15 -7
  4: -47 -39 -31 -23 -17 -13 -9 -3
  5: -49 -45 -41 -37 -33 -29 -25 -21 -18 -16 -14 -12 -10 -8 -5 -1
  6: -50 -48 -46 -44 -42 -40 -38 -36 -34 -32 -30 -28 -26 -24 -22 -20 -6 -4 -2 0
add 1 true
add 2 true
add 3 true
add 4 true
add 5 true
print:
  1: -19
  2: -35 -3
  3: -43 -27 -11 1
  4: -47 -39 -31 -23 -15 -7 -1 3
  5: -49 -45 -41 -37 -33 -29 -25 -21 -17 -13 -9 -5 -2 0 2 4
  6: -50 -48 -46 -44 -42 -40 -38 -36 -34 -32 -30 -28 -26 -24 -22 -20 -18 -16 -14 -12 -10 -8 -6 -4 _ 5
add 6 true
add 7 true
add 8 true
add 9 true
add 10 true
print:
  1: -19
  2: -35 -3
  3: -43 -27 -11 5
  4: -47 -39 -31 -23 -15 -7 1 7
  5: -49 -45 -41 -37 -33 -29 -25 -21 -17 -13 -9 -5 -1 3 6 9
  6: -50 -48 -46 -44 -42 -40 -38 -36 -34 -32 -30 -28 -26 -24 -22 -20 -18 -16 -14 -12 -10 -8 -6 -4 -2 0 2 4 8 10
add 11 true
add 12 true
add 13 true
add 14 true
add 15 true
print:
  1: -19
  2: -35 -3
  3: -43 -27 -11 5
  4: -47 -39 -31 -23 -15 -7 1 9
  5: -49 -45 -41 -37 -33 -29 -25 -21 -17 -13 -9 -5 -1 3 7 13
  6: -50 -48 -46 -44 -42 -40 -38 -36 -34 -32 -30 -28 -26 -24 -22 -20 -18 -16 -14 -12 -10 -8 -6 -4 -2 0 2 4 6 8 11 14
  7: 10 12 _ 15
add 16 true
add 17 true
add 18 true
add 19 true
add 20 true
print:
  1: -19
  2: -35 -3
  3: -43 -27 -11 5
  4: -47 -39 -31 -23 -15 -7 1 13
  5: -49 -45 -41 -37 -33 -29 -25 -21 -17 -13 -9 -5 -1 3 9 17
  6: -50 -48 -46 -44 -42 -40 -38 -36 -34 -32 -30 -28 -26 -24 -22 -20 -18 -16 -14 -12 -10 -8 -6 -4 -2 0 2 4 7 11 15 19
  7: 6 8 10 12 14 16 18 20
add 21 true
add 22 true
add 23 true
add 24 true
add 25 true
print:
  1: -19
  2: -35 -3
  3: -43 -27 -11 13
  4: -47 -39 -31 -23 -15 -7 5 21
  5: -49 -45 -41 -37 -33 -29 -25 -21 -17 -13 -9 -5 1 9 17 23
  6: -50 -48 -46 -44 -42 -40 -38 -36 -34 -32 -30 -28 -26 -24 -22 -20 -18 -16 -14 -12 -10 -8 -6 -4 -1 3 7 11 15 19 22 24
  7: -2 0 2 4 6 8 10 12 14 16 18 20 _ 25
add 26 true
add 27 true
add 28 true
add 29 true
add 30 true
print:
  1: -19
  2: -35 13
  3: -43 -27 -3 21
  4: -47 -39 -31 -23 -11 5 17 25
  5: -49 -45 -41 -37 -33 -29 -25 -21 -15 -7 1 9 15 19 23 27
  6: -50 -48 -46 -44 -42 -40 -38 -36 -34 -32 -30 -28 -26 -24 -22 -20 -17 -13 -9 -5 -1 3 7 11 14 16 18 20 22 24 26 29
  7: -18 -16 -14 -12 -10 -8 -6 -4 -2 0 2 4 6 8 10 12 28 30
add 31 true
add 32 true
add 33 true
add 34 true
add 35 true
print:
  1: -19
  2: -35 13
  3: -43 -27 -3 21
  4: -47 -39 -31 -23 -11 5 17 29
  5: -49 -45 -41 -37 -33 -29 -25 -21 -15 -7 1 9 15 19 25 33
  6: -50 -48 -46 -44 -42 -40 -38 -36 -34 -32 -30 -28 -26 -24 -22 -20 -17 -13 -9 -5 -1 3 7 11 14 16 18 20 23 27 31 34
  7: -18 -16 -14 -12 -10 -8 -6 -4 -2 0 2 4 6 8 10 12 22 24 26 28 30 32 _ 35
add 36 true
add 37 true
add 38 true
add 39 true
add 40 true
print:
  1: -19
  2: -35 13
  3: -43 -27 -3 29
  4: -47 -39 -31 -23 -11 5 21 33
  5: -49 -45 -41 -37 -33 -29 -25 -21 -15 -7 1 9 17 25 31 37
  6: -50 -48 -46 -44 -42 -40 -38 -36 -34 -32 -30 -28 -26 -24 -22 -20 -17 -13 -9 -5 -1 3 7 11 15 19 23 27 30 32 35 39
  7: -18 -16 -14 -12 -10 -8 -6 -4 -2 0 2 4 6 8 10 12 14 16 18 20 22 24 26 28 34 36 38 40
add 41 true
add 42 true
add 43 true
add 44 true
add 45 true
print:
  1: 13
  2: -19 29
  3: -35 -3 21 37
  4: -43 -27 -11 5 17 25 33 41
  5: -47 -39 -31 -23 -15 -7 1 9 15 19 23 27 31 35 39 43
  6: -49 -45 -41 -37 -33 -29 -25 -21 -17 -13 -9 -5 -1 3 7 11 14 16 18 20 22 24 26 28 30 32 34 36 38 40 42 44
  7: -50 -48 -46 -44 -42 -40 -38 -36 -34 -32 -30 -28 -26 -24 -22 -20 -18 -16 -14 -12 -10 -8 -6 -4 -2 0 2 4 6 8 10 12 _ 45
add 46 true
add 47 true
add 48 true
add 49 true
add 50 true
print:
  1: 13
  2: -19 29
  3: -35 -3 21 37
  4: -43 -27 -11 5 17 25 33 45
  5: -47 -39 -31 -23 -15 -7 1 9 15 19 23 27 31 35 41 47
  6: -49 -45 -41 -37 -33 -29 -25 -21 -17 -13 -9 -5 -1 3 7 11 14 16 18 20 22 24 26 28 30 32 34 36 39 43 46 49
  7: -50 -48 -46 -44 -42 -40 -38 -36 -34 -32 -30 -28 -26 -24 -22 -20 -18 -16 -14 -12 -10 -8 -6 -4 -2 0 2 4 6 8 10 12 38 40 42 44 48 50
remove -50 true
remove -49 true
remove -48 true
remove -47 true
remove -46 true
remove -45 true
print:
  1: 13
  2: -19 29
  3: -35 -3 21 37
  4: -39 -27 -11 5 17 25 33 45
  5: -43 -37 -31 -23 -15 -7 1 9 15 19 23 27 31 35 41 47
  6: -44 -41 -38 -36 -33 -29 -25 -21 -17 -13 -9 -5 -1 3 7 11 14 16 18 20 22 24 26 28 30 32 34 36 39 43 46 49
  7: -42 -40 -34 -32 -30 -28 -26 -24 -22 -20 -18 -16 -14 -12 -10 -8 -6 -4 -2 0 2 4 6 8 10 12 38 40 42 44 48 50
remove 44 true
remove -43 true
remove -42 true
remove -41 true
remove -40 true
print:
  1: 13
  2: -19 29
  3: -35 -3 21 37
  4: -39 -27 -11 5 17 25 33 45
  5: -44 -37 -31 -23 -15 -7 1 9 15 19 23 27 31 35 41 47
  6: -38 -36 -33 -29 -25 -21 -17 -13 -9 -5 -1 3 7 11 14 16 18 20 22 24 26 28 30 32 34 36 39 43 46 49
  7: -34 -32 -30 -28 -26 -24 -22 -20 -18 -16 -14 -12 -10 -8 -6 -4 -2 0 2 4 6 8 10 12 38 40 42 _ 48 50
remove -39 true
remove -38 true
remove -37 true
remove -36 true
remove -35 true
print:
  1: 13
  2: -19 29
  3: -27 -3 21 37
  4: -31 -23 -11 5 17 25 33 45
  5: -33 -29 -25 -21 -15 -7 1 9 15 19 23 27 31 35 41 47
  6: -44 -32 -30 -28 -26 -24 -22 -20 -17 -13 -9 -5 -1 3 7 11 14 16 18 20 22 24 26 28 30 32 34 36 39 43 46 49
  7: _ -34 -18 -16 -14 -12 -10 -8 -6 -4 -2 0 2 4 6 8 10 12 38 40 42 _ 48 50
remove -34 true
remove -33 true
remove -32 true
remove -31 true
remove -30 true
print:
  1: 13
  2: -19 29
  3: -27 -3 21 37
  4: -29 -23 -11 5 17 25 33 45
  5: -44 -28 -25 -21 -15 -7 1 9 15 19 23 27 31 35 41 47
  6: -26 -24 -22 -20 -17 -13 -9 -5 -1 3 7 11 14 16 18 20 22 24 26 28 30 32 34 36 39 43 46 49
  7: -18 -16 -14 -12 -10 -8 -6 -4 -2 0 2 4 6 8 10 12 38 40 42 _ 48 50
remove -29 true
remove -28 true
remove -27 true
remove -26 true
remove -25 true
print:
  1: 13
  2: -3 29
  3: -19 5 21 37
  4: -23 -11 1 9 17 25 33 45
  5: -44 -21 -15 -7 -1 3 7 11 15 19 23 27 31 35 41 47
  6: _ -24 -22 -20 -17 -13 -9 -5 -2 0 2 4 6 8 10 12 14 16 18 20 22 24 26 28 30 32 34 36 39 43 46 49
  7: -18 -16 -14 -12 -10 -8 -6 -4 38 40 42 _ 48 50
remove -24 true
remove -23 true
remove -22 true
remove -21 true
remove -20 true
print:
  1: 13
  2: -3 29
  3: -11 5 21 37
  4: -15 -7 1 9 17 25 33 45
  5: -19 -13 -9 -5 -1 3 7 11 15 19 23 27 31 35 41 47
  6: -44 -17 -14 -12 -10 -8 -6 -4 -2 0 2 4 6 8 10 12 14 16 18 20 22 24 26 28 30 32 34 36 39 43 46 49
  7: -18 -16 38 40 42 _ 48 50
remove -19 true
remove -18 true
remove -17 true
remove -16 true
remove -15 true
print:
  1: 13
  2: -3 29
  3: -11 5 21 37
  4: -13 -7 1 9 17 25 33 45
  5: -44 -12 -9 -5 -1 3 7 11 15 19 23 27 31 35 41 47
  6: _ -14 -10 -8 -6 -4 -2 0 2 4 6 8 10 12 14 16 18 20 22 24 26 28 30 32 34 36 39 43 46 49
  7: 38 40 42 _ 48 50
remove -14 true
remove -13 true
remove -12 true
remove -11 true
remove -10 true
print:
  1: 13
  2: -3 29
  3: -7 5 21 37
  4: -9 -5 1 9 17 25 33 45
  5: -44 -8 -6 -4 -1 3 7 11 15 19 23 27 31 35 41 47
  6: -2 0 2 4 6 8 10 12 14 16 18 20 22 24 26 28 30 32 34 36 39 43 46 49
  7: 38 40 42 _ 48 50
remove -9 true
remove -8 true
remove -7 true
remove -6 true
remove -5 true
print:
  1: 13
  2: 5 29
  3: -3 9 21 37
  4: -44 1 7 11 17 25 33 45
  5: _ -4 -1 3 6 8 10 12 15 19 23 27 31 35 41 47
  6: -2 0 2 4 14 16 18 20 22 24 26 28 30 32 34 36 39 43 46 49
  7: 38 40 42 _ 48 50
remove -4 true
remove -3 true
remove -2 true
remove -1 true
remove -0 true
print:
  1: 29
  2: 13 37
  3: 5 21 33 45
  4: 1 9 17 25 31 35 41 47
  5: -44 3 7 11 15 19 23 27 30 32 34 36 39 43 46 49
  6: 2 4 6 8 10 12 14 16 18 20 22 24 26 28 38 40 42 _ 48 50
remove 1 true
remove 2 true
remove 3 true
remove 4 true
remove 5 true
print:
  1: 29
  2: 13 37
  3: 9 21 33 45
  4: 7 11 17 25 31 35 41 47
  5: -44 8 10 12 15 19 23 27 30 32 34 36 39 43 46 49
  6: _ 6 14 16 18 20 22 24 26 28 38 40 42 _ 48 50
remove 6 true
remove 7 true
remove 8 true
remove 9 true
remove 10 true
print:
  1: 29
  2: 21 37
  3: 13 25 33 45
  4: 11 17 23 27 31 35 41 47
  5: -44 12 15 19 22 24 26 28 30 32 34 36 39 43 46 49
  6: 14 16 18 20 38 40 42 _ 48 50
remove 11 true
remove 12 true
remove 13 true
remove 14 true
remove 15 true
print:
  1: 29
  2: 21 37
  3: 17 25 33 45
  4: -44 19 23 27 31 35 41 47
  5: _ 16 18 20 22 24 26 28 30 32 34 36 39 43 46 49
  6: 38 40 42 _ 48 50
remove 16 true
remove 17 true
remove 18 true
remove 19 true
remove 20 true
print:
  1: 29
  2: 25 37
  3: 21 27 33 45
  4: -44 23 26 28 31 35 41 47
  5: 22 24 30 32 34 36 39 43 46 49
  6: 38 40 42 _ 48 50
remove 21 true
remove 22 true
remove 23 true
remove 24 true
remove 25 true
print:
  1: 37
  2: 29 45
  3: 27 33 41 47
  4: -44 28 31 35 39 43 46 49
  5: _ 26 30 32 34 36 38 40 42 _ 48 50
remove 26 true
remove 27 true
remove 28 true
remove 29 true
remove 30 true
print:
  1: 37
  2: 33 45
  3: 31 35 41 47
  4: -44 32 34 36 39 43 46 49
  5: 38 40 42 _ 48 50
remove 31 true
remove 32 true
remove 33 true
remove 34 true
remove 35 true
print:
  1: 45
  2: 37 47
  3: -44 41 46 49
  4: _ 36 39 43 48 50
  5: 38 40 42 _
remove 36 true
remove 37 true
remove 38 true
remove 39 true
remove 40 true
print:
  1: 45
  2: 41 47
  3: -44 43 46 49
  4: 42 _ 48 50
remove 41 true
remove 42 true
remove 43 true
remove 44 false
remove 45 true
print:
  1: 47
  2: -44 49
  3: _ 46 48 50
remove 46 true
remove 47 true
remove 48 true
remove 49 true
remove 50 true
print:
  1: -44
